beta <- 
c(0.1, 0.1, 0.1, 0.1, 0.1, 0.1, 0.1, 0.1)
alpha <- 0.5
mu <- 0.1
tau <- 0.01
eta <- 0.01
